1000 1999
1 301 976 305 138 262 778 307 145 55 313 874 839 411 965 43 781 153 190 358 615 902 825 668 484 970 677 733 765 581 534 206 569 883 268 824 583 259 375 631 792 987 758 651 3 218 142 592 646 155 499 546 997 761 775 419 200 847 586 978 590 329 487 584 802 866 763 341 88 29 23 628 101 599 438 503 426 850 807 971 917 961 572 826 410 61 407 335 380 399 613 49 519 327 537 779 107 810 530 173 175 57 774 906 837 451 361 450 209 644 87 655 713 271 544 266 582 245 935 887 715 181 768 560 176 598 803 225 991 286 745 352 676 141 128 8 573 349 237 563 721 144 125 521 182 161 102 309 251 691 829 26 925 959 698 885 302 918 442 478 678 7 30 69 727 821 709 639 117 35 249 776 431 640 505 777 288 113 267 498 270 421 336 312 257 580 798 666 700 275 589 868 637 541 793 258 105 899 76 115 169 660 432 25 236 154 338 366 457 896 103 291 104 688 404 828 706 443 754 533 890 988 984 624 542 355 239 89 133 191 363 187 780 989 600 281 689 409 574 969 619 579 529 449 873 447 612 757 219 710 955 192 1000 446 448 923 992 296 120 96 147 385 21 786 844 344 428 591 471 805 823 28 85 509 816 675 682 44 468 422 156 785 22 10 876 799 938 913 368 241 390 132 264 680 174 739 819 82 118 684 304 922 804 233 92 108 543 97 222 391 972 994 939 924 387 695 114 20 18 263 921 475 553 395 558 545 194 616 510 846 300 479 321 112 36 752 269 53 536 855 632 508 937 898 342 277 396 397 968 402 672 982 626 415 294 392 562 289 808 158 184 594 177 247 412 692 658 527 908 482 549 749 911 564 657 932 167 609 31 851 539 369 298 310 462 856 607 91 884 633 148 585 465 869 604 842 74 975 930 909 904 963 888 945 891 253 319 974 685 648 292 926 630 228 834 193 323 575 408 566 150 52 106 641 552 356 617 734 332 736 73 14 11 2 667 879 474 67 164 186 413 68 80 388 4 12 226 453 703 886 139 441 46 303 70 999 109 838 357 547 325 42 90 843 278 32 949 364 928 180 122 931 316 746 373 470 242 524 78 671 905 255 272 900 712 814 722 427 511 882 308 430 436 750 252 62 683 990 40 75 418 314 159 348 540 652 135 137 649 297 966 140 800 669 901 326 836 871 290 588 526 394 444 577 865 203 168 981 279 41 360 295 331 60 79 283 522 889 650 557 214 611 83 227 919 634 370 601 704 440 697 210 134 204 941 393 472 66 110 848 65 760 322 744 897 493 240 501 854 464 532 163 958 620 488 400 195 386 782 735 207 34 9 24 244 136 149 483 892 183 340 946 920 17 789 71 514 993 485 962 950 662 416 328 384 815 954 701 246 880 189 126 831 337 538 492 406 185 54 548 517 665 934 857 681 230 130 64 929 570 636 293 354 654 196 131 351 927 460 717 952 311 403 559 951 694 86 481 940 231 217 740 872 152 858 119 787 977 864 602 817 398 333 603 59 362 853 724 497 554 518 458 711 642 496 618 525 621 124 198 755 513 995 459 165 27 15 912 818 747 809 870 705 696 463 659 5 6 220 957 456 221 45 822 907 741 614 812 670 985 238 146 98 129 435 625 555 330 663 595 216 791 661 33 16 437 473 956 895 466 445 476 567 434 531 425 261 94 561 280 578 13 19 127 797 771 903 731 656 215 439 491 50 38 100 285 467 576 99 723 645 587 201 699 166 334 773 500 350 248 769 121 730 687 849 37 728 383 948 647 39 835 550 629 371 726 638 770 507 274 63 202 762 365 372 72 520 93 801 116 605 84 424 111 123 276 915 796 862 318 81 229 806 571 608 664 232 143 944 223 95 720 679 528 172 461 346 317 359 151 205 535 197 627 606 622 256 208 753 610 914 179 347 494 877 751 486 551 894 964 171 199 707 353 983 953 234 343 860 756 213 284 840 673 742 729 417 784 936 867 973 811 376 523 910 998 382 495 324 405 714 320 716 623 653 490 454 377 772 556 299 766 282 379 593 702 48 833 157 795 250 345 506 211 188 178 77 686 732 875 748 827 933 254 378 389 830 315 516 947 845 788 767 852 643 401 996 162 504 841 568 893 743 287 881 212 260 718 56 170 429 635 512 433 243 719 916 502 960 452 980 469 47 58 265 737 423 414 596 790 420 759 374 764 455 942 674 224 878 477 693 515 381 859 306 565 708 813 273 725 783 339 160 863 367 489 861 738 690 794 943 986 832 820 597 480 51 235 967 979
206 377
372 241
910 613
444 386
13 35
9 89
187 161
583 114
220 472
368 800
704 601
218 355
479 330
302 885
817 602
130 230
92 233
241 281
762 520
977 185
886 139
9 3
95 10
964 625
80 295
962 521
438 752
42 193
542 624
266 282
38 779
518 398
706 647
922 804
366 805
237 49
126 537
810 107
653 11
698 510
561 280
494 6
514 233
46 303
60 331
412 247
511 882
82 201
859 381
442 892
700 666
216 436
109 838
972 693
92 515
472 393
165 513
98 907
195 400
164 245
703 682
292 16
185 406
63 619
20 18
321 43
182 702
71 114
337 48
130 91
811 973
180 630
253 596
206 643
59 107
64 929
236 636
211 479
109 357
701 76
619 580
810 530
307 778
219 298
39 422
97 697
633 884
964 22
149 483
549 482
40 75
130 324
167 609
23 480
905 671
657 860
691 848
148 585
765 417
70 109
96 172
485 92
221 6
652 684
770 851
167 932
37 655
30 873
849 730
163 159
213 572
107 492
7 30
41 135
458 518
68 34
96 147
720 35
190 989
937 508
10 26
369 539
930 221
997 435
718 785
630 228
99 83
577 713
814 722
173 154
247 471
510 757
288 367
700 251
702 492
782 386
67 164
647 39
598 852
285 158
426 503
993 962
482 80
23 3
293 636
270 650
320 490
849 69
45 261
338 366
91 607
169 660
238 146
630 926
809 747
631 375
851 539
213 756
820 61
334 773
134 937
311 403
997 425
199 171
297 966
130 64
748 827
171 909
3 2
281 38
426 971
534 206
217 740
691 251
752 144
445 494
54 548
445 209
753 446
763 52
507 770
214 557
572 961
517 152
259 212
442 175
214 1
954 384
761 774
575 86
358 615
961 917
337 252
755 198
863 666
49 565
600 281
74 842
749 549
504 510
141 278
127 797
908 145
267 756
907 741
165 784
963 788
811 101
348 584
241 254
999 108
35 18
658 692
12 229
484 970
323 408
522 283
923 992
15 659
679 298
510 846
698 610
775 761
234 343
255 387
59 333
262 778
360 358
327 27
305 871
380 399
296 687
378 530
771 731
826 210
937 898
176 183
17 72
916 906
672 780
417 742
821 746
243 415
619 579
275 700
504 252
963 253
993 514
446 227
654 972
362 497
556 517
205 151
82 717
853 362
496 492
656 215
576 645
909 904
133 63
522 889
937 541
208 695
153 825
854 240
476 445
727 175
309 102
512 843
905 255
106 52
302 685
13 691
69 183
641 106
256 208
89 239
147 62
657 932
687 730
634 884
42 90
765 360
681 296
527 156
193 323
898 459
553 475
751 551
177 615
396 402
678 7
997 546
599 137
949 180
167 755
245 371
842 950
79 222
434 531
329 590
294 97
472 142
699 166
201 103
285 467
106 482
144 721
673 192
590 28
787 977
132 241
975 930
992 589
719 4
708 306
666 316
49 519
948 645
409 87
228 834
568 768
484 392
460 952
833 795
802 584
144 160
559 613
183 892
14 11
844 786
888 963
502 484
990 683
384 611
356 121
543 84
226 453
225 173
159 314
108 588
479 321
436 707
476 567
608 89
448 446
499 719
994 209
336 312
270 498
74 975
4 59
88 489
228 95
140 297
194 616
505 511
466 445
142 234
579 543
56 32
73 768
741 614
95 720
266 544
310 462
7 4
612 757
867 755
959 925
68 642
82 118
768 560
931 426
345 757
66 110
567 434
82 53
773 500
31 455
924 939
906 837
672 663
401 648
668 484
706 9
112 146
56 170
351 609
6 756
949 88
352 285
65 982
717 909
418 314
430 436
373 135
618 22
866 291
727 576
978 449
658 650
768 181
173 767
975 146
904 495
888 945
311 64
643 266
70 506
178 188
219 906
651 758
595 216
300 156
128 484
103 896
370 634
995 459
620 958
327 519
799 876
407 335
756 840
43 260
357 289
485 993
450 209
164 312
13 578
105 899
735 207
16 33
963 233
209 205
342 898
377 547
163 532
550 629
422 760
750 841
985 238
621 642
406 492
414 478
123 680
41 464
865 203
53 561
642 973
415 108
747 513
499 155
637 541
36 83
870 809
60 79
392 289
638 726
312 257
43 781
581 765
481 231
526 852
440 697
618 683
681 230
96 15
285 901
143 95
139 313
598 803
300 162
209 644
100 248
324 377
325 621
873 447
287 316
13 622
230 283
620 211
651 3
292 926
175 173
912 15
893 671
379 593
94 347
782 506
276 785
414 292
330 555
714 320
4 2
452 960
633 787
447 612
363 191
552 241
740 678
657 564
363 187
482 598
607 764
925 327
561 526
461 172
457 208
509 675
450 33
443 333
235 138
988 90
233 749
280 698
177 934
501 240
8 1
2 1
72 372
62 20
311 951
575 323
91 696
522 795
767 788
532 464
427 316
200 85
662 950
643 852
357 726
202 63
991 450
404 828
32 278
329 977
426 850
187 780
900 272
771 13
56 85
223 443
370 97
223 944
706 345
171 101
941 393
165 27
41 804
607 856
79 505
87 98
78 589
164 186
261 567
277 239
122 32
984 624
987